ACAS Analyzing adv.cas
OK header with 255 0x00 and then 0xA5
format not known, possibly data
   20 36 30 20 2C FF FF FF FE FF FF FF DF FF FF FB ' 60 ,...........'
   FF FF DF FF FF F7 FF FF FF FF FF EF FF FF FF EF '................'
   FF FF FD FF FF E0 00 00 00 00 00 00 00 00 00 00 '................'
   00 00 00 00 00 00 00 00 00 00 00 00 00 00 00 00 '................'
   00 00 00 00 00 00 00 00 00 00 00 00 00 00 00 00 '................'
   00 00 00 00 00 00 00 00 00 00 00 00 00 00 00 00 '................'
   00 00 00 00 00 00 00 00 00 00 00 00 00 00 00 00 '................'
   00 00 00 00 00 00 00 00 00 00 00 00 00 00 00 00 '................'
   00 00 00 00 00 00 00 00 00 00 00 00 00 00 00 00 '................'
   00 00 00 00 00 00 00 00 00 00 00 00 00 00 00 00 '................'
   00 00 00 00 00 00 00 00 00 00 00 00 00 00 00 00 '................'
   00 00 00 00 00 00 00 00 00 00 00 00 00 00 00 00 '................'
   00 00 00 00 00 00 00 00 00 00 00 00 00 00 00 00 '................'
   00 00 00 00 00 00 00 00 00 00 00 00 00 00 00 00 '................'
   00 00 00 00 00 00 00 00 00 00 00 00 00 00 00 00 '................'
   00 00 00 00 00 00 00 00 00 00 00 00 00 00 00 00 '................'
   00 00 00 00 00 00 00 00 00 00 00 00 00 00 00 00 '................'
   00 00 00 00 00 00 00 00 00 00 00 00 00 00 00 00 '................'
   00 00 00 00 00 A5 20 37 35 20 2C FF FF FF FE FF '...... 75 ,.....'
   FF FF FF FF FF FF FF FF FF FF FF FF FF 7F FF FF '................'
   FF FF F7 FF FF 7F FF FF FF FF FF FF 7F FF FF FE '................'
   FF FF FF FF FF FF FF FB FF FF BF FF FF FF FF FF '................'
   FF FF FF E0 00 00 00 00 00 00 00 00 00 00 00 00 '................'
   00 00 00 00 00 00 00 00 00 00 00 00 00 00 00 00 '................'
   00 00 00 00 00 00 00 00 00 00 00 00 00 00 00 00 '................'
   00 00 00 00 00 00 00 00 00 00 00 00 00 00 00 00 '................'
   00 00 00 00 00 00 00 00 00 00 00 00 00 00 00 00 '................'
   00 00 00 00 00 00 00 00 00 00 00 00 00 00 00 00 '................'
   00 00 00 00 00 00 00 00 00 00 00 00 00 00 00 00 '................'
   00 00 00 00 00 00 00 00 00 00 00 00 00 00 00 00 '................'
   00 00 00 00 00 00 00 00 00 00 00 00 00 00 00 00 '................'
   00 00 00 00 00 00 00 00 00 00 00 00 00 00 00 00 '................'
   00 00 00 00 00 00 00 00 00 00 00 00 00 00 00 00 '................'
   00 00 00 00 00 00 00 00 00 00 00 00 00 00 00 00 '................'
   00 00 00 00 00 00 00 00 00 00 00 00 00 00 00 00 '................'
   00 00 00 00 00 00 00 00 00 00 00 00 00 00 00 00 '................'
   00 00 00 00 00 00 00 00 00 00 00 00 00 00 00 00 '................'
   00 00 00 00 00 00 00 00 00 00 00 00 00 00 00 00 '................'
   00 00 00 A5 20 38 20 2C FF FF FF FF FF FF DF FF '.... 8 ,........'
   FD FF FF DF FF FD FF FF FF FF FF FF FD FF FF FF '................'
   FF FF FF DF FF FF FF FF FF FF FF FF FF F7 FF FF '................'
   7F FF FF FF FF FF FF FF FF C0 00 00 00 00 00 00 '................'
   00 00 00 00 00 00 00 00 00 00 00 00 00 00 00 00 '................'
   00 00 00 00 00 00 00 00 00 00 00 00 00 00 00 00 '................'
   00 00 00 00 00 00 00 00 00 00 00 00 00 00 00 00 '................'
   00 00 00 00 00 00 00 00 00 00 00 00 00 00 00 00 '................'
   00 00 00 00 00 00 00 00 00 00 00 00 00 00 00 00 '................'
   00 00 00 00 00 00 00 00 00 00 00 00 00 00 00 00 '................'
   00 00 00 00 00 00 00 00 00 00 00 00 00 00 00 00 '................'
   00 00 00 00 00 00 00 00 00 00 00 00 00 00 00 00 '................'
   00 00 00 00 00 00 00 00 00 00 00 00 00 00 00 00 '................'
   00 00 00 00 00 00 00 00 00 00 00 00 00 00 00 00 '................'
   00 00 00 00 00 00 00 00 00 00 00 00 00 00 00 00 '................'
   00 00 00 00 00 00 00 00 00 00 00 00 00 00 00 00 '................'
   00 00 00 00 00 00 00 00 00 00 00 00 00 00 00 00 '................'
   00 00 00 00 00 00 00 00 00 00 00 00 00 00 00 00 '................'
   00 00 00 00 00 00 00 00 00 00 00 00 00 00 00 00 '................'
   00 00 00 00 00 00 00 00 00 A5 20 31 30 30 20 2C '.......... 100 ,'
   FF FF FF FD FF FF FF FF FF FF FF FB FF FF FF F7 '................'
   FF FF FF FF FF FF FF FF FF FF FF FF FF FF FF FF '................'
   FF FF FF FF FF FF FF DF FF FD FF FF DF FF FD FF '................'
   FF FF FF FF FF FF 00 00 00 00 00 00 00 00 00 00 '................'
   00 00 00 00 00 00 00 00 00 00 00 00 00 00 00 00 '................'
   00 00 00 00 00 00 00 00 00 00 00 00 00 00 00 00 '................'
   00 00 00 00 00 00 00 00 00 00 00 00 00 00 00 00 '................'
   00 00 00 00 00 00 00 00 00 00 00 00 00 00 00 00 '................'
   00 00 00 00 00 00 00 00 00 00 00 00 00 00 00 00 '................'
   00 00 00 00 00 00 00 00 00 00 00 00 00 00 00 00 '................'
   00 00 00 00 00 00 00 00 00 00 00 00 00 00 00 00 '................'
   00 00 00 00 00 00 00 00 00 00 00 00 00 00 00 00 '................'
   00 00 00 00 00 00 00 00 00 00 00 00 00 00 00 00 '................'
   00 00 00 00 00 00 00 00 00 00 00 00 00 00 00 00 '................'
   00 00 00 00 00 00 00 00 00 00 00 00 00 00 00 00 '................'
   00 00 00 00 00 00 00 00 00 00 00 00 00 00 00 00 '................'
   00 00 00 00 00 00 00 00 00 00 00 00 00 00 00 00 '................'
   00 00 00 00 00 00 00 00 00 00 00 00 00 00 00 00 '................'
   00 00 00 00 00 00 00 00 00 00 00 00 00 00 00 00 '................'
   00 00 00 00 00 A5 20 35 20 2C FF FF FF FF FF FF '...... 5 ,......'
   FF FB FF FF FF FF FF FF FD FF FF DF FF FF FF FF '................'
   FF FF EF FF FF 7F FF FF FF FF FF FF FE FF FF FF '................'
   FF FF FF FF FF FF FF FF F7 FF FF FF FF FF FF FC '................'
   00 00 00 00 00 00 00 00 00 00 00 00 00 00 00 00 '................'
   00 00 00 00 00 00 00 00 00 00 00 00 00 00 00 00 '................'
   00 00 00 00 00 00 00 00 00 00 00 00 00 00 00 00 '................'
   00 00 00 00 00 00 00 00 00 00 00 00 00 00 00 00 '................'
   00 00 00 00 00 00 00 00 00 00 00 00 00 00 00 00 '................'
   00 00 00 00 00 00 00 00 00 00 00 00 00 00 00 00 '................'
   00 00 00 00 00 00 00 00 00 00 00 00 00 00 00 00 '................'
   00 00 00 00 00 00 00 00 00 00 00 00 00 00 00 00 '................'
   00 00 00 00 00 00 00 00 00 00 00 00 00 00 00 00 '................'
   00 00 00 00 00 00 00 00 00 00 00 00 00 00 00 00 '................'
   00 00 00 00 00 00 00 00 00 00 00 00 00 00 00 00 '................'
   00 00 00 00 00 00 00 00 00 00 00 00 00 00 00 00 '................'
   00 00 00 00 00 00 00 00 00 00 00 00 00 00 00 00 '................'
   00 00 00 00 00 00 00 00 00 00 00 00 00 00 00 00 '................'
   00 00 00 00 00 00 00 00 00 00 00 00 00 00 00 00 '................'
   00 00 00 00 00 00 00 00 00 00 00 00 00 00 00 A5 '................'
   20 38 20 2C FF FF FF FF FF FF FF FD FF FF DF FF ' 8 ,............'
   FD FF FF DF FF FF FF FF FF FF EF FF FF FF FF FF '................'
   FF FF 7F FF F7 FF FF 7F FF F7 FF FF 7F FF FF FF '................'
   FF FF FF 80 00 00 00 00 00 00 00 00 00 00 00 00 '................'
   00 00 00 00 00 00 00 00 00 00 00 00 00 00 00 00 '................'
   00 00 00 00 00 00 00 00 00 00 00 00 00 00 00 00 '................'
   00 00 00 00 00 00 00 00 00 00 00 00 00 00 00 00 '................'
   00 00 00 00 00 00 00 00 00 00 00 00 00 00 00 00 '................'
   00 00 00 00 00 00 00 00 00 00 00 00 00 00 00 00 '................'
   00 00 00 00 00 00 00 00 00 00 00 00 00 00 00 00 '................'
   00 00 00 00 00 00 00 00 00 00 00 00 00 00 00 00 '................'
   00 00 00 00 00 00 00 00 00 00 00 00 00 00 00 00 '................'
   00 00 00 00 00 00 00 00 00 00 00 00 00 00 00 00 '................'
   00 00 00 00 00 00 00 00 00 00 00 00 00 00 00 00 '................'
   00 00 00 00 00 00 00 00 00 00 00 00 00 00 00 00 '................'
   00 00 00 00 00 00 00 00 00 00 00 00 00 00 00 00 '................'
   00 00 00 00 00 00 00 00 00 00 00 00 00 00 00 00 '................'
   00 00 00 00 00 00 00 00 00 00 00 00 00 00 00 00 '................'
   00 00 00 00 00 00 00 00 00 00 00 00 00 00 00 00 '................'
   00 00 00 A5 20 35 30 20 2C FF FF FF FE FF FF FF '.... 50 ,.......'
   FE FF FF FF FF FF FF FF FF DF FF FD FF FF FF FF '................'
   FB FF FF FF FF DF FF FF FF FF FF FF FF FF FF FF '................'
   FD FF FF FF FF FF FF FF F7 FF FF 7F FF FF FF FF '................'
   FF FF FF FF FE 00 00 00 00 00 00 00 00 00 00 00 '................'
   00 00 00 00 00 00 00 00 00 00 00 00 00 00 00 00 '................'
   00 00 00 00 00 00 00 00 00 00 00 00 00 00 00 00 '................'
   00 00 00 00 00 00 00 00 00 00 00 00 00 00 00 00 '................'
   00 00 00 00 00 00 00 00 00 00 00 00 00 00 00 00 '................'
   00 00 00 00 00 00 00 00 00 00 00 00 00 00 00 00 '................'
   00 00 00 00 00 00 00 00 00 00 00 00 00 00 00 00 '................'
   00 00 00 00 00 00 00 00 00 00 00 00 00 00 00 00 '................'
   00 00 00 00 00 00 00 00 00 00 00 00 00 00 00 00 '................'
   00 00 00 00 00 00 00 00 00 00 00 00 00 00 00 00 '................'
   00 00 00 00 00 00 00 00 00 00 00 00 00 00 00 00 '................'
   00 00 00 00 00 00 00 00 00 00 00 00 00 00 00 00 '................'
   00 00 00 00 00 00 00 00 00 00 00 00 00 00 00 00 '................'
   00 00 00 00 00 00 00 00 00 00 00 00 00 00 00 00 '................'
   00 00 00 00 00 00 00 00 00 00 00 00 00 00 00 00 '................'
   00 00 00 00 00 00 00 00 00 00 00 00 00 00 00 00 '................'
   00 00 00 00 A5 20 33 30 20 2C FF FF FF FF FF FF '..... 30 ,......'
   FF FD FF FF FF FF FF FF FF FF FF FE FF FF FF FF '................'
   FF FF FF BF FF FF EF FF FF FF EF FF FF FF FF FF '................'
   FD FF FF DF FF FD FF FF FF FF FF 7F FF FF FF FC '................'
   00 00 00 00 00 00 00 00 00 00 00 00 00 00 00 00 '................'
   00 00 00 00 00 00 00 00 00 00 00 00 00 00 00 00 '................'
   00 00 00 00 00 00 00 00 00 00 00 00 00 00 00 00 '................'
   00 00 00 00 00 00 00 00 00 00 00 00 00 00 00 00 '................'
   00 00 00 00 00 00 00 00 00 00 00 00 00 00 00 00 '................'
   00 00 00 00 00 00 00 00 00 00 00 00 00 00 00 00 '................'
   00 00 00 00 00 00 00 00 00 00 00 00 00 00 00 00 '................'
   00 00 00 00 00 00 00 00 00 00 00 00 00 00 00 00 '................'
   00 00 00 00 00 00 00 00 00 00 00 00 00 00 00 00 '................'
   00 00 00 00 00 00 00 00 00 00 00 00 00 00 00 00 '................'
   00 00 00 00 00 00 00 00 00 00 00 00 00 00 00 00 '................'
   00 00 00 00 00 00 00 00 00 00 00 00 00 00 00 00 '................'
   00 00 00 00 00 00 00 00 00 00 00 00 00 00 00 00 '................'
   00 00 00 00 00 00 00 00 00 00 00 00 00 00 00 00 '................'
   00 00 00 00 00 00 00 00 00 00 00 00 00 00 00 00 '................'
   00 00 00 00 00 00 00 00 00 00 00 00 00 00 00 A5 '................'
   20 31 30 30 20 2C FF FF FF FF FF FF FF FD FF FF ' 100 ,..........'
   FF FD FF FF FF FF FF FF FF FF FF FF FF FF FF FF '................'
   FF FF FF FF FF FF FF FF FF FF FF FF FF FF EF FF '................'
   FF FF FE FF FF FF FF FF FF DF FF FF FF FF FF FF '................'
   C0 00 00 00 00 00 00 00 00 00 00 00 00 00 00 00 '................'
   00 00 00 00 00 00 00 00 00 00 00 00 00 00 00 00 '................'
   00 00 00 00 00 00 00 00 00 00 00 00 00 00 00 00 '................'
   00 00 00 00 00 00 00 00 00 00 00 00 00 00 00 00 '................'
   00 00 00 00 00 00 00 00 00 00 00 00 00 00 00 00 '................'
   00 00 00 00 00 00 00 00 00 00 00 00 00 00 00 00 '................'
   00 00 00 00 00 00 00 00 00 00 00 00 00 00 00 00 '................'
   00 00 00 00 00 00 00 00 00 00 00 00 00 00 00 00 '................'
   00 00 00 00 00 00 00 00 00 00 00 00 00 00 00 00 '................'
   00 00 00 00 00 00 00 00 00 00 00 00 00 00 00 00 '................'
   00 00 00 00 00 00 00 00 00 00 00 00 00 00 00 00 '................'
   00 00 00 00 00 00 00 00 00 00 00 00 00 00 00 00 '................'
   00 00 00 00 00 00 00 00 00 00 00 00 00 00 00 00 '................'
   00 00 00 00 00 00 00 00 00 00 00 00 00 00 00 00 '................'
   00 00 00 00 00 00 00 00 00 00 00 00 00 00 00 00 '................'
   00 00 00 00 00 00 00 00 00 00 00 00 00 00 00 00 '................'
   A5 20 31 30 30 20 2C FF FF FF BF FF FF FF FF FF '. 100 ,.........'
   FF FF FF FF FF FF BF FF FF FF FE FF FF FF FF F7 '................'
   FF FF FF FF FF FF FF FF FF FF FF FF FF FF EF FF '................'
   FE FF FF EF FF FF FF FF BF FF FF FF FE 00 00 00 '................'
   00 00 00 00 00 00 00 00 00 00 00 00 00 00 00 00 '................'
   00 00 00 00 00 00 00 00 00 00 00 00 00 00 00 00 '................'
   00 00 00 00 00 00 00 00 00 00 00 00 00 00 00 00 '................'
   00 00 00 00 00 00 00 00 00 00 00 00 00 00 00 00 '................'
   00 00 00 00 00 00 00 00 00 00 00 00 00 00 00 00 '................'
   00 00 00 00 00 00 00 00 00 00 00 00 00 00 00 00 '................'
   00 00 00 00 00 00 00 00 00 00 00 00 00 00 00 00 '................'
   00 00 00 00 00 00 00 00 00 00 00 00 00 00 00 00 '................'
   00 00 00 00 00 00 00 00 00 00 00 00 00 00 00 00 '................'
   00 00 00 00 00 00 00 00 00 00 00 00 00 00 00 00 '................'
   00 00 00 00 00 00 00 00 00 00 00 00 00 00 00 00 '................'
   00 00 00 00 00 00 00 00 00 00 00 00 00 00 00 00 '................'
   00 00 00 00 00 00 00 00 00 00 00 00 00 00 00 00 '................'
   00 00 00 00 00 00 00 00 00 00 00 00 00 00 00 00 '................'
   00 00 00 00 00 00 00 00 00 00 00 00 00 00 00 00 '................'
   00 00 00 00 00 00 00 00 00 00 00 00 A5 20 31 30 '............. 10'
   30 20 2C FF FF FF FF FF FF FF FB FF FF BF FF FB '0 ,.............'
   FF FF BF FF FF FF FE FF FF EF FF FF FF FF FF FF '................'
   FF FF FF FF FF FF FF F7 FF FF 7F FF F7 FF FF FF '................'
   FF FF 7F FF FF FF FF FC 00 00 00 00 00 00 00 00 '................'
   00 00 00 00 00 00 00 00 00 00 00 00 00 00 00 00 '................'
   00 00 00 00 00 00 00 00 00 00 00 00 00 00 00 00 '................'
   00 00 00 00 00 00 00 00 00 00 00 00 00 00 00 00 '................'
   00 00 00 00 00 00 00 00 00 00 00 00 00 00 00 00 '................'
   00 00 00 00 00 00 00 00 00 00 00 00 00 00 00 00 '................'
   00 00 00 00 00 00 00 00 00 00 00 00 00 00 00 00 '................'
   00 00 00 00 00 00 00 00 00 00 00 00 00 00 00 00 '................'
   00 00 00 00 00 00 00 00 00 00 00 00 00 00 00 00 '................'
   00 00 00 00 00 00 00 00 00 00 00 00 00 00 00 00 '................'
   00 00 00 00 00 00 00 00 00 00 00 00 00 00 00 00 '................'
   00 00 00 00 00 00 00 00 00 00 00 00 00 00 00 00 '................'
   00 00 00 00 00 00 00 00 00 00 00 00 00 00 00 00 '................'
   00 00 00 00 00 00 00 00 00 00 00 00 00 00 00 00 '................'
   00 00 00 00 00 00 00 00 00 00 00 00 00 00 00 00 '................'
   00 00 00 00 00 00 00 00 00 00 00 00 00 00 00 00 '................'
   00 00 00 00 00 00 00 A5 20 31 30 30 20 2C FF FF '........ 100 ,..'
   FF BF FF FF EF FF FF FF FF FF FF FF FF BF FF FF '................'
   FF FF FF FF FF FF BF FF FF FF FF FF FF FF BF FF '................'
   FB FF FF BF FF FB FF FF BF FF FF FF FD FF FF C0 '................'
   00 00 00 00 00 00 00 00 00 00 00 00 00 00 00 00 '................'
   00 00 00 00 00 00 00 00 00 00 00 00 00 00 00 00 '................'
   00 00 00 00 00 00 00 00 00 00 00 00 00 00 00 00 '................'
   00 00 00 00 00 00 00 00 00 00 00 00 00 00 00 00 '................'
   00 00 00 00 00 00 00 00 00 00 00 00 00 00 00 00 '................'
   00 00 00 00 00 00 00 00 00 00 00 00 00 00 00 00 '................'
   00 00 00 00 00 00 00 00 00 00 00 00 00 00 00 00 '................'
   00 00 00 00 00 00 00 00 00 00 00 00 00 00 00 00 '................'
   00 00 00 00 00 00 00 00 00 00 00 00 00 00 00 00 '................'
   00 00 00 00 00 00 00 00 00 00 00 00 00 00 00 00 '................'
   00 00 00 00 00 00 00 00 00 00 00 00 00 00 00 00 '................'
   00 00 00 00 00 00 00 00 00 00 00 00 00 00 00 00 '................'
   00 00 00 00 00 00 00 00 00 00 00 00 00 00 00 00 '................'
   00 00 00 00 00 00 00 00 00 00 00 00 00 00 00 00 '................'
   00 00 00 00 00 00 00 00 00 00 00 00 00 00 00 00 '................'
   00 00 00 00 00 00 00 00 00 00 00 00 00 00 00 A5 '................'
   20 34 33 37 34 20 2C FF FF EF FF FE FF FF EF FF ' 4374 ,.........'
   FE FF FF EF FF FF FF FF FF FF FB FF FF FF FF FF '................'
   FF FF FF BF FF FB FF FF BF FF FB FF FF BF FF FF '................'
   FF FD FF FF C0 00 00 00 00 00 00 00 00 00 00 00 '................'
   00 00 00 00 00 00 00 00 00 00 00 00 00 00 00 00 '................'
   00 00 00 00 00 00 00 00 00 00 00 00 00 00 00 00 '................'
   00 00 00 00 00 00 00 00 00 00 00 00 00 00 00 00 '................'
   00 00 00 00 00 00 00 00 00 00 00 00 00 00 00 00 '................'
   00 00 00 00 00 00 00 00 00 00 00 00 00 00 00 00 '................'
   00 00 00 00 00 00 00 00 00 00 00 00 00 00 00 00 '................'
   00 00 00 00 00 00 00 00 00 00 00 00 00 00 00 00 '................'
   00 00 00 00 00 00 00 00 00 00 00 00 00 00 00 00 '................'
   00 00 00 00 00 00 00 00 00 00 00 00 00 00 00 00 '................'
   00 00 00 00 00 00 00 00 00 00 00 00 00 00 00 00 '................'
   00 00 00 00 00 00 00 00 00 00 00 00 00 00 00 00 '................'
   00 00 00 00 00 00 00 00 00 00 00 00 00 00 00 00 '................'
   00 00 00 00 00 00 00 00 00 00 00 00 00 00 00 00 '................'
   00 00 00 00 00 00 00 00 00 00 00 00 00 00 00 00 '................'
   00 00 00 00 00 00 00 00 00 00 00 00 00 00 00 00 '................'
   00 00 00 00 A5 20 34 34 30 37 20 2C FF FF FF BF '..... 4407 ,....'
   FF FB FF FF BF FF FB FF FF BF FF FF FF FD FF FF '................'
   DF FF FF FF FF FF FF FF FF FF FF FF FF FF FF FF '................'
   F7 FF FF FF EF FF FE FF FF FF FF F7 FF FF FF F0 '................'
   00 00 00 00 00 00 00 00 00 00 00 00 00 00 00 00 '................'
   00 00 00 00 00 00 00 00 00 00 00 00 00 00 00 00 '................'
   00 00 00 00 00 00 00 00 00 00 00 00 00 00 00 00 '................'
   00 00 00 00 00 00 00 00 00 00 00 00 00 00 00 00 '................'
   00 00 00 00 00 00 00 00 00 00 00 00 00 00 00 00 '................'
   00 00 00 00 00 00 00 00 00 00 00 00 00 00 00 00 '................'
   00 00 00 00 00 00 00 00 00 00 00 00 00 00 00 00 '................'
   00 00 00 00 00 00 00 00 00 00 00 00 00 00 00 00 '................'
   00 00 00 00 00 00 00 00 00 00 00 00 00 00 00 00 '................'
   00 00 00 00 00 00 00 00 00 00 00 00 00 00 00 00 '................'
   00 00 00 00 00 00 00 00 00 00 00 00 00 00 00 00 '................'
   00 00 00 00 00 00 00 00 00 00 00 00 00 00 00 00 '................'
   00 00 00 00 00 00 00 00 00 00 00 00 00 00 00 00 '................'
   00 00 00 00 00 00 00 00 00 00 00 00 00 00 00 00 '................'
   00 00 00 00 00 00 00 00 00 00 00 00 00 00 00 00 '................'
   00 00 00 00 00 00 00 00 00 00 00 00 00 00 00 A5 '................'
   20 31 35 34 32 20 2C FF FF FF FE FF FF FF FF FF ' 1542 ,.........'
   FF FF FF FF FF BF FF FB FF FF FF FF DF FF FD FF '................'
   FF FF FF FF FF FF FF FF FF FF FF BF FF FF FF FF '................'
   FF FF FD FF FF DF FF FF FF FE FF FF FF FE 00 00 '................'
   00 00 00 00 00 00 00 00 00 00 00 00 00 00 00 00 '................'
   00 00 00 00 00 00 00 00 00 00 00 00 00 00 00 00 '................'
   00 00 00 00 00 00 00 00 00 00 00 00 00 00 00 00 '................'
   00 00 00 00 00 00 00 00 00 00 00 00 00 00 00 00 '................'
   00 00 00 00 00 00 00 00 00 00 00 00 00 00 00 00 '................'
   00 00 00 00 00 00 00 00 00 00 00 00 00 00 00 00 '................'
   00 00 00 00 00 00 00 00 00 00 00 00 00 00 00 00 '................'
   00 00 00 00 00 00 00 00 00 00 00 00 00 00 00 00 '................'
   00 00 00 00 00 00 00 00 00 00 00 00 00 00 00 00 '................'
   00 00 00 00 00 00 00 00 00 00 00 00 00 00 00 00 '................'
   00 00 00 00 00 00 00 00 00 00 00 00 00 00 00 00 '................'
   00 00 00 00 00 00 00 00 00 00 00 00 00 00 00 00 '................'
   00 00 00 00 00 00 00 00 00 00 00 00 00 00 00 00 '................'
   00 00 00 00 00 00 00 00 00 00 00 00 00 00 00 00 '................'
   00 00 00 00 00 00 00 00 00 00 00 00 00 00 00 00 '................'
   00 00 00 00 00 00 00 00 00 00 00 00 00 A5 20 32 '.............. 2'
   37 34 32 20 2C FF FF FF FE FF FF FF FF FF FF FF '742 ,...........'
   FF FF FF FF FB FF FF FF F7 FF FF FF FF FF FF FF '................'
   FF FF FF FF FF FF EF FF FF FF EF FF FF FF FF FF '................'
   FD FF FF DF FF FD FF FF FF FF FF FF FF 00 00 00 '................'
   00 00 00 00 00 00 00 00 00 00 00 00 00 00 00 00 '................'
   00 00 00 00 00 00 00 00 00 00 00 00 00 00 00 00 '................'
   00 00 00 00 00 00 00 00 00 00 00 00 00 00 00 00 '................'
   00 00 00 00 00 00 00 00 00 00 00 00 00 00 00 00 '................'
   00 00 00 00 00 00 00 00 00 00 00 00 00 00 00 00 '................'
   00 00 00 00 00 00 00 00 00 00 00 00 00 00 00 00 '................'
   00 00 00 00 00 00 00 00 00 00 00 00 00 00 00 00 '................'
   00 00 00 00 00 00 00 00 00 00 00 00 00 00 00 00 '................'
   00 00 00 00 00 00 00 00 00 00 00 00 00 00 00 00 '................'
   00 00 00 00 00 00 00 00 00 00 00 00 00 00 00 00 '................'
   00 00 00 00 00 00 00 00 00 00 00 00 00 00 00 00 '................'
   00 00 00 00 00 00 00 00 00 00 00 00 00 00 00 00 '................'
   00 00 00 00 00 00 00 00 00 00 00 00 00 00 00 00 '................'
   00 00 00 00 00 00 00 00 00 00 00 00 00 00 00 00 '................'
   00 00 00 00 00 00 00 00 00 00 00 00 00 00 00 00 '................'
   00 00 00 00 00 00 00 00 00 00 00 00 A5 20 31 35 '............. 15'
   32 33 20 2C FF FF FF FF FF FF FF FD FF FF DF FF '23 ,............'
   FD FF FF DF FF FF FF FF FF FF EF FF FF FF FF BF '................'
   FF FF FF FF FF FF FF FF FF FF FF FF FF EF FF FE '................'
   FF FF FF FF EF FF FE 00 00 00 00 00 00 00 00 00 '................'
   00 00 00 00 00 00 00 00 00 00 00 00 00 00 00 00 '................'
   00 00 00 00 00 00 00 00 00 00 00 00 00 00 00 00 '................'
   00 00 00 00 00 00 00 00 00 00 00 00 00 00 00 00 '................'
   00 00 00 00 00 00 00 00 00 00 00 00 00 00 00 00 '................'
   00 00 00 00 00 00 00 00 00 00 00 00 00 00 00 00 '................'
   00 00 00 00 00 00 00 00 00 00 00 00 00 00 00 00 '................'
   00 00 00 00 00 00 00 00 00 00 00 00 00 00 00 00 '................'
   00 00 00 00 00 00 00 00 00 00 00 00 00 00 00 00 '................'
   00 00 00 00 00 00 00 00 00 00 00 00 00 00 00 00 '................'
   00 00 00 00 00 00 00 00 00 00 00 00 00 00 00 00 '................'
   00 00 00 00 00 00 00 00 00 00 00 00 00 00 00 00 '................'
   00 00 00 00 00 00 00 00 00 00 00 00 00 00 00 00 '................'
   00 00 00 00 00 00 00 00 00 00 00 00 00 00 00 00 '................'
   00 00 00 00 00 00 00 00 00 00 00 00 00 00 00 00 '................'
   00 00 00 00 00 00 00 00 00 00 00 00 00 00 00 00 '................'
   00 00 00 00 00 00 A5 20 31 35 32 33 20 2C FF FF '....... 1523 ,..'
   FF FF FF FF FF FF FF FF FF FB FF FF FF FF FF FF '................'
   FF FF FF FF FF FF 7F FF F7 FF FF FF FF FF FF FD '................'
   FF FF DF FF FD FF FF DF FF FD FF FF FF FF EF FF '................'
   FE 00 00 00 00 00 00 00 00 00 00 00 00 00 00 00 '................'
   00 00 00 00 00 00 00 00 00 00 00 00 00 00 00 00 '................'
   00 00 00 00 00 00 00 00 00 00 00 00 00 00 00 00 '................'
   00 00 00 00 00 00 00 00 00 00 00 00 00 00 00 00 '................'
   00 00 00 00 00 00 00 00 00 00 00 00 00 00 00 00 '................'
   00 00 00 00 00 00 00 00 00 00 00 00 00 00 00 00 '................'
   00 00 00 00 00 00 00 00 00 00 00 00 00 00 00 00 '................'
   00 00 00 00 00 00 00 00 00 00 00 00 00 00 00 00 '................'
   00 00 00 00 00 00 00 00 00 00 00 00 00 00 00 00 '................'
   00 00 00 00 00 00 00 00 00 00 00 00 00 00 00 00 '................'
   00 00 00 00 00 00 00 00 00 00 00 00 00 00 00 00 '................'
   00 00 00 00 00 00 00 00 00 00 00 00 00 00 00 00 '................'
   00 00 00 00 00 00 00 00 00 00 00 00 00 00 00 00 '................'
   00 00 00 00 00 00 00 00 00 00 00 00 00 00 00 00 '................'
   00 00 00 00 00 00 00 00 00 00 00 00 00 00 00 00 '................'
   00 00 00 00 00 00 00 00 00 00 00 00 00 00 00 00 '................'
   A5 20 34 33 35 30 20 2C FF FF EF FF FE FF FF EF '. 4350 ,........'
   FF FE FF FF EF FF FF FF FF 7F FF F7 FF FF FF FF '................'
   FF FF F7 FF FF 7F FF F7 FF FF 7F FF F7 FF FF FF '................'
   FF BF FF F8 00 00 00 00 00 00 00 00 00 00 00 00 '................'
   00 00 00 00 00 00 00 00 00 00 00 00 00 00 00 00 '................'
   00 00 00 00 00 00 00 00 00 00 00 00 00 00 00 00 '................'
   00 00 00 00 00 00 00 00 00 00 00 00 00 00 00 00 '................'
   00 00 00 00 00 00 00 00 00 00 00 00 00 00 00 00 '................'
   00 00 00 00 00 00 00 00 00 00 00 00 00 00 00 00 '................'
   00 00 00 00 00 00 00 00 00 00 00 00 00 00 00 00 '................'
   00 00 00 00 00 00 00 00 00 00 00 00 00 00 00 00 '................'
   00 00 00 00 00 00 00 00 00 00 00 00 00 00 00 00 '................'
   00 00 00 00 00 00 00 00 00 00 00 00 00 00 00 00 '................'
   00 00 00 00 00 00 00 00 00 00 00 00 00 00 00 00 '................'
   00 00 00 00 00 00 00 00 00 00 00 00 00 00 00 00 '................'
   00 00 00 00 00 00 00 00 00 00 00 00 00 00 00 00 '................'
   00 00 00 00 00 00 00 00 00 00 00 00 00 00 00 00 '................'
   00 00 00 00 00 00 00 00 00 00 00 00 00 00 00 00 '................'
   00 00 00 00 00 00 00 00 00 00 00 00 00 00 00 00 '................'
   00 00 00 A5 20 33 34 35 30 20 2C FF FF FF FE FF '.... 3450 ,.....'
   FF FF FE FF FF FF FF FF FF DF FF FD FF FF FF FF '................'
   EF FF FF FF FF FF FF FF FF FF FF FF FF FF FF FF '................'
   FF FD FF FF DF FF FD FF FF DF FF FF FF FE FF FF '................'
   E0 00 00 00 00 00 00 00 00 00 00 00 00 00 00 00 '................'
   00 00 00 00 00 00 00 00 00 00 00 00 00 00 00 00 '................'
   00 00 00 00 00 00 00 00 00 00 00 00 00 00 00 00 '................'
   00 00 00 00 00 00 00 00 00 00 00 00 00 00 00 00 '................'
   00 00 00 00 00 00 00 00 00 00 00 00 00 00 00 00 '................'
   00 00 00 00 00 00 00 00 00 00 00 00 00 00 00 00 '................'
   00 00 00 00 00 00 00 00 00 00 00 00 00 00 00 00 '................'
   00 00 00 00 00 00 00 00 00 00 00 00 00 00 00 00 '................'
   00 00 00 00 00 00 00 00 00 00 00 00 00 00 00 00 '................'
   00 00 00 00 00 00 00 00 00 00 00 00 00 00 00 00 '................'
   00 00 00 00 00 00 00 00 00 00 00 00 00 00 00 00 '................'
   00 00 00 00 00 00 00 00 00 00 00 00 00 00 00 00 '................'
   00 00 00 00 00 00 00 00 00 00 00 00 00 00 00 00 '................'
   00 00 00 00 00 00 00 00 00 00 00 00 00 00 00 00 '................'
   00 00 00 00 00 00 00 00 00 00 00 00 00 00 00 00 '................'
   00 00 00 00 00 00 00 00 00 00 00 00 00 00 00 00 '................'
   A5 20 32 31 32 35 20 2C FF FF FF FE FF FF FF FF '. 2125 ,........'
   FF FF FF FF FF FF DF FF FD FF FF FF FF EF FF FF '................'
   FF FF FF FF FF FF FE FF FF EF FF FE FF FF EF FF '................'
   FE FF FF EF FF FF FF FF FF FF FF 80 00 00 00 00 '................'
   00 00 00 00 00 00 00 00 00 00 00 00 00 00 00 00 '................'
   00 00 00 00 00 00 00 00 00 00 00 00 00 00 00 00 '................'
   00 00 00 00 00 00 00 00 00 00 00 00 00 00 00 00 '................'
   00 00 00 00 00 00 00 00 00 00 00 00 00 00 00 00 '................'
   00 00 00 00 00 00 00 00 00 00 00 00 00 00 00 00 '................'
   00 00 00 00 00 00 00 00 00 00 00 00 00 00 00 00 '................'
   00 00 00 00 00 00 00 00 00 00 00 00 00 00 00 00 '................'
   00 00 00 00 00 00 00 00 00 00 00 00 00 00 00 00 '................'
   00 00 00 00 00 00 00 00 00 00 00 00 00 00 00 00 '................'
   00 00 00 00 00 00 00 00 00 00 00 00 00 00 00 00 '................'
   00 00 00 00 00 00 00 00 00 00 00 00 00 00 00 00 '................'
   00 00 00 00 00 00 00 00 00 00 00 00 00 00 00 00 '................'
   00 00 00 00 00 00 00 00 00 00 00 00 00 00 00 00 '................'
   00 00 00 00 00 00 00 00 00 00 00 00 00 00 00 00 '................'
   00 00 00 00 00 00 00 00 00 00 00 00 00 00 00 00 '................'
   00 00 00 00 00 00 00 00 00 00 00 A5 20 32 31 32 '............ 212'
   35 20 2C FF FF FF FE FF FF FF FF FF FF FF FF FF '5 ,.............'
   FF FF FB FF FF BF FF FF FF FF FF FF FF FF FF FF '................'
   FF FF FF FF FF FF FE FF FF FF FE FF FF FF FF FF '................'
   FF DF FF FD FF FF FF FF FF FF FE 00 00 00 00 00 '................'
   00 00 00 00 00 00 00 00 00 00 00 00 00 00 00 00 '................'
   00 00 00 00 00 00 00 00 00 00 00 00 00 00 00 00 '................'
   00 00 00 00 00 00 00 00 00 00 00 00 00 00 00 00 '................'
   00 00 00 00 00 00 00 00 00 00 00 00 00 00 00 00 '................'
   00 00 00 00 00 00 00 00 00 00 00 00 00 00 00 00 '................'
   00 00 00 00 00 00 00 00 00 00 00 00 00 00 00 00 '................'
   00 00 00 00 00 00 00 00 00 00 00 00 00 00 00 00 '................'
   00 00 00 00 00 00 00 00 00 00 00 00 00 00 00 00 '................'
   00 00 00 00 00 00 00 00 00 00 00 00 00 00 00 00 '................'
   00 00 00 00 00 00 00 00 00 00 00 00 00 00 00 00 '................'
   00 00 00 00 00 00 00 00 00 00 00 00 00 00 00 00 '................'
   00 00 00 00 00 00 00 00 00 00 00 00 00 00 00 00 '................'
   00 00 00 00 00 00 00 00 00 00 00 00 00 00 00 00 '................'
   00 00 00 00 00 00 00 00 00 00 00 00 00 00 00 00 '................'
   00 00 00 00 00 00 00 00 00 00 00 00 00 00 00 00 '................'
   00 00 00 00 00 00 00 00 00 00 A5 20 31 35 32 35 '........... 1525'
   20 2C FF FF FF BF FF FF FF FF FF F7 FF FF 7F FF ' ,..............'
   F7 FF FF FF FF 7F FF F7 FF FF FF FF DF FF FF F7 '................'
   FF FF FF EF FF FF FF FF FF FF FF FF FF F7 FF FF '................'
   FF FF BF FF F8 00 00 00 00 00 00 00 00 00 00 00 '................'
   00 00 00 00 00 00 00 00 00 00 00 00 00 00 00 00 '................'
   00 00 00 00 00 00 00 00 00 00 00 00 00 00 00 00 '................'
   00 00 00 00 00 00 00 00 00 00 00 00 00 00 00 00 '................'
   00 00 00 00 00 00 00 00 00 00 00 00 00 00 00 00 '................'
   00 00 00 00 00 00 00 00 00 00 00 00 00 00 00 00 '................'
   00 00 00 00 00 00 00 00 00 00 00 00 00 00 00 00 '................'
   00 00 00 00 00 00 00 00 00 00 00 00 00 00 00 00 '................'
   00 00 00 00 00 00 00 00 00 00 00 00 00 00 00 00 '................'
   00 00 00 00 00 00 00 00 00 00 00 00 00 00 00 00 '................'
   00 00 00 00 00 00 00 00 00 00 00 00 00 00 00 00 '................'
   00 00 00 00 00 00 00 00 00 00 00 00 00 00 00 00 '................'
   00 00 00 00 00 00 00 00 00 00 00 00 00 00 00 00 '................'
   00 00 00 00 00 00 00 00 00 00 00 00 00 00 00 00 '................'
   00 00 00 00 00 00 00 00 00 00 00 00 00 00 00 00 '................'
   00 00 00 00 00 00 00 00 00 00 00 00 00 00 00 00 '................'
   00 00 00 00 A5 20 32 37 32 35 20 2C FF FF FF FE '..... 2725 ,....'
   FF FF FF FF FF FF FF FF FF FF 7F FF F7 FF FF FF '................'
   FF BF FF FF FF FF FF FF FF FF FF FF FF FF FF FF '................'
   FF FF FF FF FE FF FF EF FF FE FF FF FF FF F7 FF '................'
   FF 00 00 00 00 00 00 00 00 00 00 00 00 00 00 00 '................'
   00 00 00 00 00 00 00 00 00 00 00 00 00 00 00 00 '................'
   00 00 00 00 00 00 00 00 00 00 00 00 00 00 00 00 '................'
   00 00 00 00 00 00 00 00 00 00 00 00 00 00 00 00 '................'
   00 00 00 00 00 00 00 00 00 00 00 00 00 00 00 00 '................'
   00 00 00 00 00 00 00 00 00 00 00 00 00 00 00 00 '................'
   00 00 00 00 00 00 00 00 00 00 00 00 00 00 00 00 '................'
   00 00 00 00 00 00 00 00 00 00 00 00 00 00 00 00 '................'
   00 00 00 00 00 00 00 00 00 00 00 00 00 00 00 00 '................'
   00 00 00 00 00 00 00 00 00 00 00 00 00 00 00 00 '................'
   00 00 00 00 00 00 00 00 00 00 00 00 00 00 00 00 '................'
   00 00 00 00 00 00 00 00 00 00 00 00 00 00 00 00 '................'
   00 00 00 00 00 00 00 00 00 00 00 00 00 00 00 00 '................'
   00 00 00 00 00 00 00 00 00 00 00 00 00 00 00 00 '................'
   00 00 00 00 00 00 00 00 00 00 00 00 00 00 00 00 '................'
   00 00 00 00 00 00 00 00 00 00 00 00 00 00 00 00 '................'
   A5 20 36 38 30 33 20 2C FF FF EF FF FE FF FF EF '. 6803 ,........'
   FF FE FF FF EF FF FF FF FF FF FF FF BF FF FF FF '................'
   BF FF FF FF BF FF FB FF FF BF FF FB FF FF BF FF '................'
   FF FF FF FF FF E0 00 00 00 00 00 00 00 00 00 00 '................'
   00 00 00 00 00 00 00 00 00 00 00 00 00 00 00 00 '................'
   00 00 00 00 00 00 00 00 00 00 00 00 00 00 00 00 '................'
   00 00 00 00 00 00 00 00 00 00 00 00 00 00 00 00 '................'
   00 00 00 00 00 00 00 00 00 00 00 00 00 00 00 00 '................'
   00 00 00 00 00 00 00 00 00 00 00 00 00 00 00 00 '................'
   00 00 00 00 00 00 00 00 00 00 00 00 00 00 00 00 '................'
   00 00 00 00 00 00 00 00 00 00 00 00 00 00 00 00 '................'
   00 00 00 00 00 00 00 00 00 00 00 00 00 00 00 00 '................'
   00 00 00 00 00 00 00 00 00 00 00 00 00 00 00 00 '................'
   00 00 00 00 00 00 00 00 00 00 00 00 00 00 00 00 '................'
   00 00 00 00 00 00 00 00 00 00 00 00 00 00 00 00 '................'
   00 00 00 00 00 00 00 00 00 00 00 00 00 00 00 00 '................'
   00 00 00 00 00 00 00 00 00 00 00 00 00 00 00 00 '................'
   00 00 00 00 00 00 00 00 00 00 00 00 00 00 00 00 '................'
   00 00 00 00 00 00 00 00 00 00 00 00 00 00 00 00 '................'
   00 00 00 00 00 A5 20 31 35 31 30 20 2C FF FF FF '...... 1510 ,...'
   FF 7F FF FF FF FF FF FF FF 7F FF F7 FF FF 7F FF '................'
   FF FF FB FF FF BF FF FF FF FF FF FF FF FE FF FF '................'
   FF FF FF FF FF FE FF FF FF FF FF F7 FF FF FF FF '................'
   EF FF FF FF FF 00 00 00 00 00 00 00 00 00 00 00 '................'
   00 00 00 00 00 00 00 00 00 00 00 00 00 00 00 00 '................'
   00 00 00 00 00 00 00 00 00 00 00 00 00 00 00 00 '................'
   00 00 00 00 00 00 00 00 00 00 00 00 00 00 00 00 '................'
   00 00 00 00 00 00 00 00 00 00 00 00 00 00 00 00 '................'
   00 00 00 00 00 00 00 00 00 00 00 00 00 00 00 00 '................'
   00 00 00 00 00 00 00 00 00 00 00 00 00 00 00 00 '................'
   00 00 00 00 00 00 00 00 00 00 00 00 00 00 00 00 '................'
   00 00 00 00 00 00 00 00 00 00 00 00 00 00 00 00 '................'
   00 00 00 00 00 00 00 00 00 00 00 00 00 00 00 00 '................'
   00 00 00 00 00 00 00 00 00 00 00 00 00 00 00 00 '................'
   00 00 00 00 00 00 00 00 00 00 00 00 00 00 00 00 '................'
   00 00 00 00 00 00 00 00 00 00 00 00 00 00 00 00 '................'
   00 00 00 00 00 00 00 00 00 00 00 00 00 00 00 00 '................'
   00 00 00 00 00 00 00 00 00 00 00 00 00 00 00 00 '................'
   00 00 00 00 00 00 00 00 00 00 00 00 00 00 00 00 '................'
   00 00 00 00 A5 20 36 33 34 33 20 2C FF FF FF FE '..... 6343 ,....'
   FF FF FF FF FF FF DF FF FD FF FF DF FF FF FF DF '................'
   FF FD FF FF FF FF F7 FF FF FF FF FF FF FF EF FF '................'
   FF FF FF FF FF FF BF FF FB FF FF FF FF DF FF FC '................'
   00 00 00 00 00 00 00 00 00 00 00 00 00 00 00 00 '................'
   00 00 00 00 00 00 00 00 00 00 00 00 00 00 00 00 '................'
   00 00 00 00 00 00 00 00 00 00 00 00 00 00 00 00 '................'
   00 00 00 00 00 00 00 00 00 00 00 00 00 00 00 00 '................'
   00 00 00 00 00 00 00 00 00 00 00 00 00 00 00 00 '................'
   00 00 00 00 00 00 00 00 00 00 00 00 00 00 00 00 '................'
   00 00 00 00 00 00 00 00 00 00 00 00 00 00 00 00 '................'
   00 00 00 00 00 00 00 00 00 00 00 00 00 00 00 00 '................'
   00 00 00 00 00 00 00 00 00 00 00 00 00 00 00 00 '................'
   00 00 00 00 00 00 00 00 00 00 00 00 00 00 00 00 '................'
   00 00 00 00 00 00 00 00 00 00 00 00 00 00 00 00 '................'
   00 00 00 00 00 00 00 00 00 00 00 00 00 00 00 00 '................'
   00 00 00 00 00 00 00 00 00 00 00 00 00 00 00 00 '................'
   00 00 00 00 00 00 00 00 00 00 00 00 00 00 00 00 '................'
   00 00 00 00 00 00 00 00 00 00 00 00 00 00 00 00 '................'
   00 00 00 00 00 00 00 00 00 00 00 00 00 00 00 A5 '................'
   20 39 30 30 20 2C FF FF FF FE FF FF FF FD FF FF ' 900 ,..........'
   FF FE FF FF EF FF FE FF FF FF FF FF FF FF 7F FF '................'
   FF FE FF FF FF FF FF FF FF FF FF FF BF FF FB FF '................'
   FF BF FF FF FF FF FF FF C0 00 00 00 00 00 00 00 '................'
   00 00 00 00 00 00 00 00 00 00 00 00 00 00 00 00 '................'
   00 00 00 00 00 00 00 00 00 00 00 00 00 00 00 00 '................'
   00 00 00 00 00 00 00 00 00 00 00 00 00 00 00 00 '................'
   00 00 00 00 00 00 00 00 00 00 00 00 00 00 00 00 '................'
   00 00 00 00 00 00 00 00 00 00 00 00 00 00 00 00 '................'
   00 00 00 00 00 00 00 00 00 00 00 00 00 00 00 00 '................'
   00 00 00 00 00 00 00 00 00 00 00 00 00 00 00 00 '................'
   00 00 00 00 00 00 00 00 00 00 00 00 00 00 00 00 '................'
   00 00 00 00 00 00 00 00 00 00 00 00 00 00 00 00 '................'
   00 00 00 00 00 00 00 00 00 00 00 00 00 00 00 00 '................'
   00 00 00 00 00 00 00 00 00 00 00 00 00 00 00 00 '................'
   00 00 00 00 00 00 00 00 00 00 00 00 00 00 00 00 '................'
   00 00 00 00 00 00 00 00 00 00 00 00 00 00 00 00 '................'
   00 00 00 00 00 00 00 00 00 00 00 00 00 00 00 00 '................'
   00 00 00 00 00 00 00 00 00 00 00 00 00 00 00 00 '................'
   00 00 00 00 00 00 00 00 A5 20 31 38 35 20 2C FF '......... 185 ,.'
   FF FF FF FF FF FF FF FF FF BF FF FB FF FF BF FF '................'
   FF FF FD FF FF DF FF FF FF DF FF FF FF FF FF FF '................'
   FF BF FF FF FF 7F FF F7 FF FF 7F FF FF FF FF FF '................'
   FF 80 00 00 00 00 00 00 00 00 00 00 00 00 00 00 '................'
   00 00 00 00 00 00 00 00 00 00 00 00 00 00 00 00 '................'
   00 00 00 00 00 00 00 00 00 00 00 00 00 00 00 00 '................'
   00 00 00 00 00 00 00 00 00 00 00 00 00 00 00 00 '................'
   00 00 00 00 00 00 00 00 00 00 00 00 00 00 00 00 '................'
   00 00 00 00 00 00 00 00 00 00 00 00 00 00 00 00 '................'
   00 00 00 00 00 00 00 00 00 00 00 00 00 00 00 00 '................'
   00 00 00 00 00 00 00 00 00 00 00 00 00 00 00 00 '................'
   00 00 00 00 00 00 00 00 00 00 00 00 00 00 00 00 '................'
   00 00 00 00 00 00 00 00 00 00 00 00 00 00 00 00 '................'
   00 00 00 00 00 00 00 00 00 00 00 00 00 00 00 00 '................'
   00 00 00 00 00 00 00 00 00 00 00 00 00 00 00 00 '................'
   00 00 00 00 00 00 00 00 00 00 00 00 00 00 00 00 '................'
   00 00 00 00 00 00 00 00 00 00 00 00 00 00 00 00 '................'
   00 00 00 00 00 00 00 00 00 00 00 00 00 00 00 00 '................'
   00 00 00 00 00 00 00 00 00 00 00 00 00 00 00 00 '................'
   00 A5 20 37 38 31 35 20 2C FF FF EF FF FE FF FF '.. 7815 ,.......'
   EF FF FE FF FF EF FF FF FF FF FF FF FF BF FF FF '................'
   FF 7F FF FF FF 7F FF F7 FF FF 7F FF F7 FF FF 7F '................'
   FF FF FF FF FF FF C0 00 00 00 00 00 00 00 00 00 '................'
   00 00 00 00 00 00 00 00 00 00 00 00 00 00 00 00 '................'
   00 00 00 00 00 00 00 00 00 00 00 00 00 00 00 00 '................'
   00 00 00 00 00 00 00 00 00 00 00 00 00 00 00 00 '................'
   00 00 00 00 00 00 00 00 00 00 00 00 00 00 00 00 '................'
   00 00 00 00 00 00 00 00 00 00 00 00 00 00 00 00 '................'
   00 00 00 00 00 00 00 00 00 00 00 00 00 00 00 00 '................'
   00 00 00 00 00 00 00 00 00 00 00 00 00 00 00 00 '................'
   00 00 00 00 00 00 00 00 00 00 00 00 00 00 00 00 '................'
   00 00 00 00 00 00 00 00 00 00 00 00 00 00 00 00 '................'
   00 00 00 00 00 00 00 00 00 00 00 00 00 00 00 00 '................'
   00 00 00 00 00 00 00 00 00 00 00 00 00 00 00 00 '................'
   00 00 00 00 00 00 00 00 00 00 00 00 00 00 00 00 '................'
   00 00 00 00 00 00 00 00 00 00 00 00 00 00 00 00 '................'
   00 00 00 00 00 00 00 00 00 00 00 00 00 00 00 00 '................'
   00 00 00 00 00 00 00 00 00 00 00 00 00 00 00 00 '................'
   00 00 00 00 00 00 A5 20 32 37 32 33 20 2C FF FF '....... 2723 ,..'
   FF FE FF FF FF FF FF FF FF FF FF FF FF F7 FF FF '................'
   FF EF FF FF FF FF BF FF FF FF FB FF FF FF FF EF '................'
   FF FF FF FF FF FF FF FF FF FD FF FF DF FF FD FF '................'
   FF FF FF DF FF FC 00 00 00 00 00 00 00 00 00 00 '................'
   00 00 00 00 00 00 00 00 00 00 00 00 00 00 00 00 '................'
   00 00 00 00 00 00 00 00 00 00 00 00 00 00 00 00 '................'
   00 00 00 00 00 00 00 00 00 00 00 00 00 00 00 00 '................'
   00 00 00 00 00 00 00 00 00 00 00 00 00 00 00 00 '................'
   00 00 00 00 00 00 00 00 00 00 00 00 00 00 00 00 '................'
   00 00 00 00 00 00 00 00 00 00 00 00 00 00 00 00 '................'
   00 00 00 00 00 00 00 00 00 00 00 00 00 00 00 00 '................'
   00 00 00 00 00 00 00 00 00 00 00 00 00 00 00 00 '................'
   00 00 00 00 00 00 00 00 00 00 00 00 00 00 00 00 '................'
   00 00 00 00 00 00 00 00 00 00 00 00 00 00 00 00 '................'
   00 00 00 00 00 00 00 00 00 00 00 00 00 00 00 00 '................'
   00 00 00 00 00 00 00 00 00 00 00 00 00 00 00 00 '................'
   00 00 00 00 00 00 00                            '.......'
